3,2
3,1
3,3
10,231
10,217
10,128
10,292
10,96
10,311
10,223
10,3
8,4
8,12
8,15
8,6
8,14
8,2
8,3
938,16
938,15
938,14
938,13
938,12
938,11
938,10
938,9
938,8
938,7
938,6
938,5
938,4
938,3
938,1
907,4
907,1
633,3
633,2
633,1
633,0
20,3
20,2
20,1
19,3
19,2
19,1
14,18
14,14
14,12
14,4
12,3
12,2
12,1
11,30
11,29
11,28
11,27
11,26
11,25
11,24
11,23
11,22
11,21
11,20
11,19
11,18
11,17
11,16
11,15
11,14
11,13
11,12
11,11
11,10
11,9
11,8
11,7
11,5
11,4
11,3
11,2
11,1
10,312
10,310
10,308
10,305
10,301
10,300
10,297
10,293
10,286
10,285
10,284
10,283
10,280
10,276
10,274
10,273
10,272
10,270
10,266
10,265
10,258
10,253
10,252
10,250
10,241
10,234
10,233
10,230
10,229
10,227
10,220
10,219
10,218
18,1
18,3
10,208
10,207
14,8
14,1
14,24
10,205
10,200
14,3
10,198
13,1
10,194
13,5
